0,1,2,1,3,4,5,6,1,2,3,3,7,7,2,3,3,1,1,2,1,3,3,2,7,1,3,7,3,2,1,1,3,1,7,2,3,3,7,7,2,1,2,7,8,9,10,10,9,11,11,10,9,12,11,9,9,11,11,10,11,11,11,12,11,12,9,9,13,14,15,16,12,9,11,11,11,17,18,19,12,12,9,9,11,12,9,11,9,11,9,12,11,12,9,20,11,9,11,11,10,10,10,12,12,12,10,11,10,10,21,15,16,11,9,14,15,16,10,10,11,22,23,24,10,10,11,10,
25,25,25,25,25,26,27,28,25,25,25,25,29,30,31,25,25,25,25,32,33,34,35,25,25,25,32,33,36,34,35,25,25,25,32,33,34,35,25,25,25,37,38,39,40,11,9,11,10,11,12,10,9,11,9,12,9,12,10,12,12,12,9,11,12,12,10,11,41,42,43,44,11,9,45,18,19,21,15,16,12,11,11,46,47,48,49,50,11,10,9,12,11,9,11,51,9,11,12,11,11,10,12,9,10,12,12,10,11,11,52,43,44,12,12,42,53,54,10,11,55,56,57,19,10,10,9,12,
58,58,59,60,61,62,63,64,65,66,67,68,69,70,71,59,58,58,58,72,73,74,75,76,77,78,72,73,79,74,75,76,77,78,72,73,74,75,80,58,58,81,15,82,83,10,11,9,12,9,84,85,86,86,86,86,86,86,86,86,86,86,87,88,9,10,12,11,89,90,91,92,18,93,21,15,94,42,53,95,11,10,96,72,97,98,99,75,100,12,12,11,12,10,10,101,9,10,10,10,11,9,12,10,10,11,9,10,11,11,102,103,104,9,11,105,103,106,12,11,22,107,15,108,9,9,9,11,
9,12,12,109,110,111,111,111,112,113,114,115,116,117,118,10,9,10,9,73,73,74,74,119,120,121,73,73,79,74,74,119,120,121,73,73,74,74,122,12,10,52,53,95,123,10,10,10,12,10,124,125,126,126,126,126,127,127,126,126,126,126,128,129,130,11,11,9,131,132,133,134,15,94,135,43,136,17,18,137,9,12,138,97,98,98,98,99,139,11,11,11,10,9,12,41,10,11,10,10,12,9,10,9,9,9,45,18,140,9,141,142,143,144,144,145,146,147,144,144,148,149,43,95,9,11,9,11,
10,11,11,26,27,27,27,27,27,28,150,151,152,153,12,9,12,11,11,73,73,74,74,119,120,121,73,73,79,74,74,119,120,121,73,73,74,74,154,17,18,93,155,104,156,12,10,10,11,12,157,158,159,159,160,161,125,128,162,160,159,158,159,163,122,11,12,11,13,12,11,135,164,95,165,166,167,14,15,168,169,170,171,172,98,173,98,174,175,12,11,12,9,10,11,176,12,12,11,11,12,12,11,9,11,10,14,15,16,10,9,12,22,23,177,177,177,177,177,177,177,178,155,179,10,12,11,12,
11,11,9,180,181,182,181,182,181,183,122,12,184,185,10,12,9,11,12,73,73,74,74,119,120,121,73,73,79,74,74,119,120,121,73,73,74,74,122,21,15,16,142,186,187,9,12,10,12,9,188,189,190,191,190,157,158,159,163,191,190,190,189,192,114,11,11,12,20,193,18,194,91,195,196,197,198,199,53,200,201,202,203,204,205,206,207,208,209,210,211,212,12,11,9,89,9,12,10,9,10,12,11,11,11,9,199,43,95,11,9,55,56,57,137,11,12,11,9,10,12,132,213,214,10,12,9,9,
11,11,12,215,216,217,218,219,220,221,154,12,222,223,224,10,12,11,12,73,73,74,74,225,226,227,73,73,79,74,74,225,226,227,73,73,74,74,114,52,43,54,11,12,228,10,12,12,12,10,229,230,231,230,231,188,190,189,192,230,231,230,231,232,114,12,9,11,233,14,15,234,213,214,235,236,237,90,91,238,239,240,241,242,97,98,99,243,244,245,246,247,12,11,9,248,11,9,12,9,9,11,9,9,11,9,102,155,104,9,55,148,107,15,94,9,11,10,10,9,11,10,11,9,10,11,11,12,
10,10,11,249,250,251,252,250,251,253,254,11,9,255,256,10,10,12,12,73,73,74,74,257,258,259,73,73,206,74,74,257,258,259,73,73,74,74,122,102,260,179,11,12,156,9,10,55,144,144,261,262,263,262,263,264,265,266,267,262,263,262,263,268,269,144,270,10,101,199,43,95,12,9,271,272,273,132,142,274,275,276,277,278,279,280,281,282,283,284,285,286,10,12,10,13,9,11,9,9,96,76,77,77,77,78,287,133,288,11,22,23,289,43,136,9,290,76,77,77,77,78,100,12,10,10,11,12,
9,10,9,291,292,293,294,295,23,296,11,10,297,298,299,300,301,9,12,302,97,99,303,304,305,306,302,97,98,99,303,304,305,306,302,97,99,303,150,307,142,45,18,137,308,12,12,22,293,309,310,311,312,311,312,313,314,315,316,311,312,311,312,317,318,293,319,10,13,90,155,195,12,12,320,321,322,10,323,324,325,326,327,328,329,330,331,332,333,334,335,336,337,10,9,20,11,12,10,9,138,225,226,226,226,227,139,12,9,55,148,319,90,155,106,10,338,339,340,341,340,342,343,11,12,10,11,11,
9,12,9,344,345,292,295,295,319,11,9,10,346,347,348,349,350,10,12,97,98,98,99,351,352,353,97,98,98,98,99,351,352,353,97,98,98,99,150,9,12,14,15,94,354,10,11,22,293,355,356,357,358,358,359,360,361,362,363,357,358,358,359,364,365,293,319,11,20,141,133,214,193,18,137,12,12,10,366,367,368,369,370,371,372,373,374,375,376,377,378,379,122,10,10,233,10,10,11,380,381,382,383,384,383,384,385,12,10,22,23,24,307,386,387,9,388,389,390,389,390,389,391,169,392,11,11,12,
11,12,11,393,11,22,294,294,394,270,12,12,395,396,397,398,399,11,10,400,401,401,402,403,404,405,406,407,258,259,402,403,404,405,406,401,401,408,154,10,12,199,164,136,409,9,9,22,295,355,410,411,412,412,413,414,415,416,417,411,412,412,413,418,419,293,319,12,420,193,18,137,21,15,108,10,11,9,421,422,423,424,277,278,425,426,427,282,428,429,211,430,154,11,9,431,10,10,10,432,201,433,434,435,434,435,436,11,55,148,319,9,12,437,76,77,438,439,440,439,440,439,441,201,202,442,11,11,
10,9,443,444,445,446,292,293,295,394,270,11,447,448,449,450,451,12,9,452,453,453,454,304,305,306,455,456,305,306,454,304,305,306,455,453,453,457,122,11,11,458,155,104,187,11,12,22,295,459,460,461,462,462,463,313,314,315,316,461,462,462,463,418,419,294,319,9,131,21,15,16,52,164,136,12,11,10,366,324,325,326,327,328,329,330,331,332,464,245,246,247,150,9,12,41,10,11,11,465,239,466,467,468,467,468,469,470,22,294,319,10,10,471,225,226,472,473,474,473,474,473,475,239,476,122,12,10,
9,10,477,478,479,480,345,177,177,292,394,144,144,481,482,483,9,11,11,484,485,486,487,351,352,353,488,489,490,491,487,351,352,353,488,485,486,492,114,10,12,132,386,214,493,9,10,22,294,494,495,357,358,358,359,360,361,362,363,357,358,358,359,496,365,295,319,12,20,199,164,136,90,155,104,10,9,9,421,367,368,369,370,371,372,373,374,375,497,284,285,498,154,12,12,176,10,10,12,499,500,501,502,503,502,503,504,122,22,295,319,11,12,97,98,98,505,506,507,506,507,506,508,509,510,114,9,11,
10,11,511,512,513,514,10,12,9,345,292,293,294,394,270,9,10,12,9,452,515,516,457,122,11,11,452,517,518,519,520,154,9,10,452,515,516,457,150,11,11,12,12,11,521,12,11,22,295,494,522,411,412,412,413,414,523,523,417,411,412,412,413,418,524,293,319,9,41,102,91,179,525,213,387,11,11,11,366,422,423,424,277,278,526,527,528,282,529,530,335,336,122,12,10,420,12,10,9,531,532,533,534,535,535,535,536,154,22,294,319,10,10,537,474,473,538,539,539,539,539,540,541,542,543,114,10,9,
12,12,544,545,546,547,11,12,10,10,345,177,292,295,394,270,10,11,12,548,549,550,551,552,11,12,548,553,554,555,551,552,9,12,548,549,550,551,254,9,556,557,10,12,558,10,10,22,293,494,559,560,561,561,562,563,564,565,566,560,561,561,562,567,568,294,319,10,569,570,571,572,12,12,12,11,10,11,10,324,325,326,573,574,575,576,577,578,579,580,378,379,581,9,11,431,12,10,12,582,583,584,585,586,587,588,589,122,22,294,319,12,9,590,507,506,591,592,593,594,595,596,597,598,599,114,12,12,
11,12,600,601,602,603,9,55,144,144,144,144,148,604,293,394,270,11,9,10,9,11,10,12,11,11,11,605,22,606,9,9,12,11,10,11,11,9,10,12,607,608,11,12,609,11,12,22,295,610,611,612,612,613,613,614,615,616,617,618,613,619,612,612,620,295,394,270,621,622,623,624,625,11,12,9,9,9,9,626,627,628,9,55,629,630,631,270,11,632,633,634,9,12,10,20,11,12,11,635,636,637,638,639,640,641,642,114,22,294,319,9,9,643,644,645,646,647,648,649,650,651,652,653,654,122,11,10,
10,9,655,656,657,658,659,148,660,294,294,293,294,293,293,295,394,144,270,9,55,144,144,144,144,144,144,144,148,394,144,144,144,144,144,144,144,144,144,144,144,144,144,144,144,144,144,148,294,661,662,663,662,664,618,665,618,613,665,613,666,662,663,667,668,293,295,394,144,270,12,669,670,671,11,12,9,10,11,11,9,11,10,672,673,674,675,676,10,11,9,11,12,10,12,13,10,11,10,677,532,678,679,680,680,680,681,122,22,293,319,9,10,10,9,9,682,683,683,683,683,684,685,542,686,687,11,10,
12,9,10,9,11,11,688,293,689,177,177,177,177,177,177,177,177,292,394,144,148,295,294,295,294,295,295,293,295,293,295,293,295,293,295,293,295,294,294,294,295,294,294,295,295,293,294,293,293,611,690,619,611,691,692,693,694,694,695,692,696,612,612,619,612,295,293,294,294,394,144,270,697,698,699,700,701,702,703,701,702,701,701,704,705,706,707,708,709,710,699,710,711,699,710,712,12,11,9,713,714,715,716,717,717,718,719,687,22,294,394,270,11,9,10,11,720,721,722,723,724,725,726,727,728,11,9,12,
729,730,730,730,731,730,732,293,733,731,730,730,730,730,730,734,9,735,736,737,292,295,295,295,295,294,295,293,294,295,294,293,293,294,293,293,294,295,293,295,293,295,293,293,293,293,294,294,295,690,612,690,611,738,690,613,694,665,694,690,739,619,619,612,611,295,295,293,295,295,293,394,144,740,741,622,742,741,623,742,741,623,622,743,744,745,746,747,748,749,750,748,751,741,749,752,9,55,270,12,12,12,753,754,755,756,10,10,22,294,295,319,12,10,11,12,11,22,294,293,319,12,12,12,9,9,12,10,
757,294,294,294,758,295,294,295,293,759,294,604,293,295,294,760,9,761,762,763,764,292,295,293,295,294,295,295,295,293,295,294,295,294,294,294,295,295,295,295,294,295,295,293,765,295,293,294,295,690,690,619,690,611,612,618,766,613,618,612,619,611,612,690,690,295,293,294,295,293,295,295,295,394,144,144,144,144,144,144,144,144,144,148,767,768,769,394,144,144,144,144,144,144,144,144,144,148,394,144,270,12,12,770,755,756,9,55,148,293,294,394,270,10,11,12,12,22,295,295,319,11,10,9,11,10,12,11,
757,293,771,772,773,293,774,775,772,776,777,293,778,772,779,780,11,781,782,783,784,345,177,177,177,177,177,177,177,177,177,177,177,177,177,177,177,177,177,177,785,786,177,177,787,177,177,177,292,619,619,611,690,619,690,766,766,618,766,619,611,690,612,611,611,23,177,292,295,295,295,293,294,294,294,295,295,293,295,295,295,295,295,295,294,293,295,294,294,294,294,295,295,294,294,293,294,295,294,293,394,144,144,788,789,790,144,148,295,295,293,294,394,144,144,270,10,22,294,294,319,17,18,19,10,10,12,9,
757,294,758,293,293,294,759,293,294,294,295,295,294,293,295,760,12,791,792,793,794,12,12,12,9,10,9,10,9,11,9,9,9,11,11,11,11,12,12,11,795,796,10,11,797,798,799,800,801,612,690,619,611,802,612,694,665,613,766,612,803,690,611,619,690,804,805,806,807,808,294,293,295,295,294,294,294,294,293,295,295,293,293,295,295,295,293,293,293,295,294,293,295,295,295,293,295,293,294,293,294,293,295,294,295,294,293,293,295,293,295,294,294,294,293,394,144,148,293,295,319,21,15,108,10,9,9,9,
757,294,809,293,771,775,810,811,812,813,775,772,775,814,294,760,10,815,816,817,818,11,11,11,819,820,821,822,823,824,11,11,9,12,10,9,10,9,12,9,12,12,825,4,826,109,5,113,827,828,829,611,619,830,690,766,618,613,618,612,831,612,690,832,833,826,109,5,113,827,834,807,292,294,835,836,837,294,294,294,294,295,295,294,293,295,293,294,294,294,294,295,295,295,293,294,294,294,295,295,294,294,294,295,295,294,295,294,293,295,295,293,294,294,295,295,294,294,293,23,24,135,43,136,10,12,10,9,
757,293,294,294,759,293,760,838,839,757,294,295,295,758,295,760,10,10,840,841,842,10,843,844,845,846,847,848,849,850,822,851,12,11,12,12,11,10,11,9,9,9,852,109,853,26,27,28,113,113,113,612,619,738,612,694,613,665,618,619,739,611,619,852,109,853,26,27,28,113,113,113,345,177,854,15,855,177,177,177,177,177,177,177,177,177,177,177,177,177,177,177,856,857,858,177,292,294,293,293,294,293,294,859,836,860,293,295,293,294,294,294,293,295,294,295,294,604,23,24,11,90,103,106,45,18,93,9,
757,293,861,295,759,293,760,862,863,757,295,864,295,759,295,760,9,10,11,10,11,10,865,846,846,847,866,866,848,849,849,867,868,869,869,869,869,869,869,869,870,10,109,853,26,27,27,27,28,113,113,619,611,612,690,618,613,665,694,612,690,612,612,109,853,26,27,27,27,28,113,113,12,9,52,43,136,9,11,9,12,12,10,9,12,12,12,10,10,11,11,11,21,15,16,10,345,177,177,177,177,177,177,854,15,871,293,295,293,294,294,293,295,293,293,23,177,292,394,270,10,525,386,186,21,15,16,11,
757,293,872,873,874,772,875,730,730,876,293,877,772,773,294,760,10,9,9,10,9,9,846,846,847,866,866,866,866,848,849,849,878,879,879,879,879,879,879,879,880,12,109,26,27,27,27,27,27,28,113,881,882,883,884,665,613,665,665,885,884,611,612,109,26,27,27,27,27,27,28,113,337,886,90,260,179,193,18,93,10,11,9,11,11,9,10,11,11,10,9,12,42,43,95,10,12,10,12,9,9,9,11,52,887,888,177,292,293,294,295,295,295,293,23,24,9,345,292,394,270,10,10,12,199,164,136,10,
757,293,293,295,758,293,295,293,293,759,293,759,293,293,293,760,10,10,9,10,12,9,846,889,890,866,891,890,866,891,892,849,893,894,894,894,894,894,894,894,895,11,26,27,27,27,27,27,27,27,28,896,897,898,899,665,694,694,618,900,901,690,611,26,27,27,27,27,27,27,27,28,114,114,525,142,214,21,15,16,11,11,902,10,903,904,905,12,906,11,9,9,458,260,179,9,9,17,18,19,9,11,12,90,103,106,10,345,292,293,295,293,295,295,319,12,12,45,907,908,394,144,270,11,102,260,106,11,
757,294,861,295,909,294,910,911,778,912,293,913,775,914,295,760,10,12,9,9,9,10,847,915,916,866,915,916,866,915,916,848,917,894,894,894,894,894,894,894,918,130,919,920,921,922,923,922,920,921,924,896,896,925,926,665,694,618,665,927,928,619,611,929,920,921,922,923,922,920,921,930,114,114,11,9,9,199,43,136,9,12,931,11,932,933,934,9,935,9,9,11,525,133,387,11,11,21,15,16,9,11,9,141,133,288,11,12,22,294,293,295,294,294,394,270,12,14,15,936,177,292,319,12,132,213,288,9,
757,293,759,295,295,294,759,294,293,295,295,294,293,295,293,760,11,11,9,11,12,12,937,938,939,940,941,942,943,938,944,945,946,947,947,947,947,947,947,947,948,122,949,950,951,952,953,952,950,951,954,955,956,957,611,694,618,618,665,612,957,690,690,958,950,951,952,953,952,950,951,959,154,122,12,12,12,105,260,104,10,9,960,9,961,962,963,9,964,9,10,9,12,10,9,10,11,135,53,95,12,11,9,9,12,10,9,9,22,295,294,293,293,293,23,24,11,135,43,95,11,22,394,144,270,10,12,10,
965,966,967,968,966,966,969,966,966,968,966,966,968,966,966,970,2,7,971,7,3,972,973,974,975,976,977,978,976,979,980,981,982,983,984,985,983,984,985,983,986,154,987,988,989,990,991,990,988,989,992,955,896,612,690,613,665,613,665,690,690,611,611,993,988,989,990,991,990,988,989,994,114,122,10,11,10,307,386,214,9,9,12,10,10,11,12,9,10,10,10,12,10,10,11,11,11,458,91,104,9,12,12,11,12,12,10,9,22,294,294,294,295,294,319,12,9,105,260,195,995,907,858,292,394,270,9,9,
996,25,25,996,25,25,996,25,25,996,25,25,996,25,25,996,25,25,996,25,25,996,997,998,999,976,998,999,1000,1001,1002,1003,1004,1005,1006,1007,1005,1006,1007,1005,1008,269,1009,1010,1011,1012,1013,1011,1012,1013,1014,896,955,1015,1016,1017,665,618,1018,1019,1020,619,612,1021,1010,1011,1012,1013,1011,1012,1013,1022,1023,1024,1025,1026,1027,1028,1029,1028,1027,1029,1030,1028,1029,1030,1028,1026,1028,1027,1026,1028,1025,1026,1025,1030,1031,145,85,86,86,86,86,86,86,86,87,9,22,293,293,295,294,294,319,9,9,525,133,186,21,15,16,345,292,319,9,12,
1032,1033,1033,1032,1033,1033,1032,1033,1033,1032,1033,1033,1032,1033,1033,1032,1033,1033,1032,1033,1033,1032,1034,1035,1036,1037,1038,1039,976,1035,1040,1041,1042,1043,1043,1043,1043,1043,1043,1043,1044,1045,1046,1047,1048,1049,1050,1048,1049,1050,1051,1052,1053,1054,1055,1056,1056,1056,1056,1057,1058,1059,1060,1061,1047,1048,1049,1050,1048,1049,1050,1062,1063,1064,1065,1066,1065,1065,1066,1065,1065,1066,1065,1065,1066,1065,1065,1066,1065,1065,1066,1065,1065,1066,1065,1065,1066,1065,125,126,126,126,126,126,126,126,128,12,22,294,295,295,294,293,319,10,11,9,1067,9,135,53,136,9,22,319,12,11,
1068,1069,1069,1069,1069,1069,1069,1069,1069,1069,1069,1069,1069,1069,1069,1069,1069,1069,1069,1069,1069,1069,1070,974,975,976,977,978,976,979,980,1071,1072,983,984,985,983,984,985,983,1073,1074,1075,1076,1077,1078,1076,1077,1078,1076,1079,1080,1081,1082,1083,1084,1084,1084,1084,1085,1086,1056,1087,1075,1088,1077,1078,1088,1077,1078,1088,1079,1074,1074,1069,1069,1069,1069,1069,1069,1069,1069,1069,1069,1069,1069,1069,1069,1069,1069,1069,1069,1069,1069,1069,1069,1069,1069,1089,159,159,160,159,160,1089,159,160,11,22,295,293,295,295,293,319,9,9,1090,1091,1092,102,91,106,10,22,394,270,9,
1093,1094,1094,1094,1094,1095,1096,1097,1094,1098,1099,1100,1101,1102,1103,1094,1104,1105,1094,1094,1094,1094,1106,998,999,976,998,999,1000,1001,1002,1107,1108,1005,1006,1007,1005,1006,1007,1005,1109,1110,1111,1112,1113,1114,1112,1113,1114,1112,1115,1116,1117,1118,1119,1094,1094,1094,1094,1120,1121,1122,1087,1111,1123,1113,1114,1123,1113,1114,1123,1115,1110,1110,1094,1094,1094,1094,1094,1094,1094,1094,1094,1094,1094,1094,1094,1094,1094,1094,1094,1094,1094,1094,1094,1094,1094,1094,1124,158,158,1125,1126,1127,1128,158,1125,1129,1130,293,293,293,293,23,24,9,1131,1132,1091,1133,1134,213,186,9,345,292,319,12,
1135,1136,1137,1138,1139,1140,1141,1139,1142,1143,1144,1145,1145,1145,1145,1145,1145,1145,1145,1145,1146,1145,1147,1038,1039,1000,1148,1148,1000,1038,1039,1149,1150,1043,1151,1152,1043,1151,1152,1043,1153,1154,1155,1156,1157,1157,1156,1157,1157,1156,1158,1159,1160,1093,1094,1094,1094,1094,1094,1094,1161,1159,1160,1155,1156,1157,1157,1156,1157,1157,1156,1158,1154,1162,1163,1163,1163,1163,1163,1163,1163,1163,1163,1163,1163,1163,1163,1163,1163,1163,1163,1163,1163,1164,1145,1145,1165,1145,1166,1167,1168,1167,1169,1170,1171,1168,1172,470,1173,1174,1175,1175,1176,319,11,9,1177,1178,1179,1180,1133,886,9,12,10,22,319,10,
690,1181,1182,1183,1184,1185,1186,1187,1188,1189,1190,690,690,690,1191,690,1191,1192,1193,1191,1194,690,1195,977,980,1000,1196,1197,976,977,980,1198,1199,983,1200,1201,1202,1200,1201,983,1203,1204,1205,1206,1207,1208,1206,1207,1208,1206,1209,1159,1160,1093,1210,1211,1094,1094,1210,1211,1161,1159,1160,1212,1206,1207,1208,1206,1207,1208,1206,1213,955,1214,1215,1215,1215,1215,1215,1215,1215,1215,1215,1215,1215,1215,1215,1215,1215,1215,1215,1215,1215,1216,1217,611,1218,11,1219,1220,1221,1220,1222,1223,1224,1221,1225,154,1226,1227,1228,1228,1229,1230,1231,1232,1233,1234,1235,1236,1180,1237,1238,10,9,22,319,9,
690,1239,1240,690,690,1191,1192,690,690,1241,1242,690,690,1192,690,1191,1193,1191,690,690,1243,1192,1244,1245,1246,1247,1248,1249,1247,1245,1246,1250,1251,1005,1006,1007,1252,1006,1007,1005,1253,1254,1255,1256,1257,1258,1256,1257,1258,1256,1259,1159,1160,1135,1260,1261,1145,1145,1260,1261,1262,1159,1160,1263,1256,1257,1258,1256,1257,1258,1256,1259,897,1264,1265,1265,1266,1267,1215,1268,1269,1265,1265,1266,1267,1215,1268,1269,1265,1265,1266,1267,1215,1268,1270,619,1218,10,1271,1272,1273,1272,1274,1275,1276,1273,1277,122,1226,1278,1279,1228,1229,1280,10,12,1281,1282,1283,1284,1285,150,1286,12,55,148,319,12,
1193,1192,1193,690,1191,1191,1193,1193,690,1191,1193,690,690,1191,1287,1288,1288,1288,1288,1288,1289,1191,1290,1193,690,1291,1292,1293,869,869,869,869,869,869,1294,1295,690,1296,1297,1193,1192,690,619,612,690,619,690,612,619,611,690,1159,1160,612,1298,1299,690,612,1300,1301,690,1159,1160,611,690,690,619,619,690,619,612,611,611,1302,1303,1304,1305,1306,1307,1308,1309,1303,1304,1305,1306,1307,1308,1309,1303,1304,1305,1306,1307,1310,1311,612,1218,10,1312,1313,1313,1313,1314,1315,1316,1317,1318,150,1226,1319,1320,1228,1229,1280,9,9,1321,1322,1323,1322,1324,154,1325,10,22,23,24,12,
1191,690,690,690,690,1191,690,690,690,690,1191,690,690,690,1326,1327,1327,1327,1327,1327,1328,1193,690,690,690,690,1329,1330,879,879,879,879,879,879,1331,76,77,77,77,77,77,78,612,1332,1333,1334,1335,1336,1336,1336,1336,1335,1335,1335,1336,1337,1338,1339,1340,1341,1336,1336,1341,1334,1341,1334,1335,1336,1336,1342,1343,612,611,1344,1345,1346,1345,1347,1348,1349,1350,1345,1346,1345,1347,1348,1349,1350,1345,1346,1345,1347,1348,1351,897,619,1218,11,1312,1352,1353,1313,1354,1355,1356,1221,1225,114,1226,1278,1320,1228,1229,1280,9,12,1357,1358,1359,1358,1360,154,1361,10,22,394,270,12,
690,690,1362,61,1363,1363,1363,1363,1363,1363,1363,1363,65,1364,1365,1366,1366,1366,1366,1366,1367,1368,1369,1292,1369,1370,1369,893,894,894,894,894,894,894,895,119,120,120,120,120,120,121,619,1371,1227,1372,1372,1228,1279,1228,1279,1320,1228,1372,1279,1373,1374,1375,1376,1320,1228,1320,1372,1320,1372,1372,1228,1372,1279,1377,1371,1378,1379,1380,1381,1382,1381,1383,1384,1385,1386,1381,1382,1381,1383,1384,1385,1386,1381,1382,1381,1383,1384,1387,956,690,1218,10,1388,1389,1390,1391,1392,1275,1393,1273,1277,552,1226,1394,1279,1228,1229,1280,11,11,1395,1396,1397,1396,1398,122,1361,11,345,292,319,12,
1193,1193,1399,1400,1401,111,111,1402,1401,111,111,1402,1403,1404,1405,1406,1406,1406,1406,1406,1407,1368,1368,1292,1292,1408,1329,1409,1410,1410,1410,1410,1410,1410,1411,225,226,226,226,226,226,227,619,1412,1278,1228,1372,1228,1279,1279,1228,1228,1413,1414,1372,1415,1416,1417,1418,1279,1228,1372,1228,1279,1320,1320,1228,1372,1320,1377,957,1419,1420,1421,1422,1423,1424,1425,1426,1427,1428,1422,1423,1424,1425,1426,1427,1428,1422,1423,1424,1425,1426,1429,956,619,1218,11,10,1430,1431,12,1432,1433,1434,11,11,10,1226,1394,1435,1228,1229,1280,9,9,1436,1437,1359,1438,1439,154,1361,12,55,148,319,11,
1192,690,1440,1441,1442,27,27,1441,1442,27,27,1441,1442,1443,1444,1445,1446,1447,1446,1448,1449,1450,1451,1369,1369,1452,1193,1453,1454,1455,1456,1457,1458,1454,1459,1460,1461,1462,1463,1464,1461,1465,1466,1467,1468,1279,1320,1469,1470,1471,1472,1472,1473,1474,1470,1475,1476,1477,1478,1479,1479,1480,1481,1471,1472,1472,1482,1320,1372,1483,611,1484,1485,1486,1487,1488,1489,1490,1348,1491,1492,1487,1488,1489,1490,1348,1491,1492,1487,1488,1489,1490,1348,1493,896,619,1218,11,12,9,9,11,9,11,10,11,9,12,1226,1319,1435,1228,1494,1280,9,12,1495,1357,1496,1360,1497,1498,1361,10,22,23,24,12,
690,690,1499,1500,1501,27,27,1502,1503,27,27,1502,1503,1504,1505,1506,1507,1508,1507,1509,1510,897,897,1292,1292,690,690,1511,1512,1513,1514,1515,1516,1512,1517,1518,1519,1520,1521,1522,1519,1523,896,956,1227,1279,1228,1377,1524,1525,1526,1527,1528,1529,1530,1531,1532,1533,1534,1535,690,1536,1537,1538,1525,1539,1468,1279,1279,1540,612,619,690,1541,1542,1543,1544,1383,1384,1385,1386,1542,1543,1544,1383,1384,1385,1386,1542,1543,1544,1383,1384,1387,1254,690,1218,12,1545,9,9,10,11,11,10,12,9,12,1226,1278,1435,1228,1494,1280,12,12,1546,1395,1547,1398,1548,10,1325,55,148,319,9,9,
690,690,1549,1550,1551,1552,1553,1550,1551,1552,1553,1550,1551,1554,1555,1556,1557,1508,1557,1558,1559,1204,897,1292,1368,1191,1193,1560,1561,1562,1563,1564,1565,1561,1566,1567,1568,1520,1521,1522,1568,1523,955,896,1227,1279,1372,1229,1569,1570,1571,1572,1573,1574,1575,1576,1577,1578,1579,1535,1580,1580,1580,1569,1581,1582,1227,1372,1320,1483,612,690,690,611,1583,1584,1585,1586,1587,1588,690,1589,1590,1591,1586,1587,1592,612,1371,1584,1593,1594,1595,1596,619,611,1597,1129,1598,1599,144,1600,1129,1129,1129,1129,1129,1129,1601,1278,1435,1228,1494,1602,12,12,10,9,9,11,10,9,1603,148,23,24,9,11,
1191,690,1604,1605,1606,1607,1608,1605,1606,1607,1608,1605,1606,1609,1610,1611,1612,1613,1612,1614,1615,897,1616,1329,1368,1192,690,1617,1454,1455,1456,1457,1458,1454,1618,1619,1620,1621,1621,1621,1620,1622,956,956,1319,1228,1279,1540,1623,1624,1535,1535,690,1625,1535,1626,1627,1628,1629,1535,690,1535,1580,1580,1623,1630,1278,1279,1279,1377,612,612,619,619,738,690,690,690,612,611,619,1412,619,612,1435,1435,690,611,1631,1435,1435,1435,619,619,690,612,690,619,1412,1435,1435,1435,1435,1435,690,619,612,612,619,1319,1372,1228,1494,1632,1633,1633,1634,1635,144,1636,1634,1634,1637,293,319,11,10,10,
690,1193,1638,1639,1640,1641,1642,1639,1640,1641,1642,1639,1640,1643,1644,1506,1507,1508,1507,1509,1645,897,897,1369,1292,690,1191,1646,1512,1513,1514,1515,1516,1512,1647,1648,1206,1649,1650,1651,1206,1652,896,896,1468,1279,1279,1540,1653,1654,1625,1580,690,1655,1580,1656,1657,1658,1659,1660,1661,1662,1663,1663,1653,1664,1278,1320,1228,1665,1335,1335,1336,1334,1336,1341,1666,1666,1666,1666,1666,1666,1666,1666,1667,1666,1666,1667,1666,1666,1666,1666,1666,1666,1666,1666,1666,1666,1666,1666,1666,1666,1666,1666,1666,1666,1666,1666,1666,1668,1435,1228,1669,1666,1666,1670,295,295,293,293,295,294,294,23,24,9,12,9,
1191,1671,1672,1673,1551,1552,1674,1673,1551,1552,1674,1673,1551,1675,1676,1677,1678,1679,1678,1680,1681,897,1616,1292,1292,690,690,1560,1561,1562,1563,1564,1565,1561,1682,1683,1256,1684,1684,1684,1256,1685,955,956,1319,1279,1228,1483,1686,1687,1580,690,1688,1689,1690,1656,1657,1658,1691,1662,897,1662,897,1662,1692,1687,1227,1372,1320,1372,1693,1279,1228,1228,1279,1372,1279,1372,1435,1435,1435,1435,1435,1435,1435,1435,1435,1435,1435,1435,1435,1435,1435,1435,1435,1435,1435,1435,1435,1694,1435,1435,1435,1279,1435,1435,1435,1435,1435,1435,1435,1228,1228,1228,1695,1696,293,295,295,295,23,177,177,24,11,10,10,10,
690,690,1697,1698,1606,1607,1699,1700,1606,1607,1701,1702,1606,1703,1704,1705,1706,1707,1704,1705,1706,1708,897,1368,1369,1193,1191,1709,1710,1711,1712,1713,1711,1712,1713,1714,1715,1715,1715,1716,1717,1718,956,896,1468,1228,1279,1377,1535,1625,1625,1535,1719,1720,1721,1722,1657,1658,1723,897,1724,1724,1724,1725,1535,690,1278,1320,1372,1726,1727,1472,1471,1472,1470,1471,1472,1479,1470,1479,1479,1479,1471,1472,1479,1470,1479,1479,1479,1471,1471,1479,1470,1472,1479,1728,1435,1435,1729,1730,1731,1435,1435,1435,1435,1435,1435,1435,1228,1228,1435,1695,1732,1732,1733,1734,1735,1735,1735,1735,1735,1736,9,10,12,10,10,10,
690,690,1737,1738,1739,1740,1741,1742,1739,1740,1743,1744,1739,1745,1746,1747,1748,1749,1746,1747,1748,897,1750,1369,1292,690,690,1751,1752,1753,1754,1755,1753,1754,1755,1756,1757,1757,1757,1758,1759,1760,896,1761,1227,1320,1279,1483,1762,1763,1764,1625,1765,1766,1767,1768,1769,1770,1771,1772,1773,1774,1775,1776,1777,1778,1278,1279,1228,1540,957,611,619,1162,1163,1163,1163,1163,1163,1163,1163,1163,1163,1163,1163,1163,1163,1163,1163,1163,1163,1163,1163,1164,690,1779,1732,1780,1781,1730,1782,1783,1784,1785,1786,1787,1788,1789,1790,1790,1790,1791,294,23,177,1792,1793,1793,1793,1793,1793,1794,9,12,11,12,10,11,
1192,690,1795,1796,1797,1798,1799,1800,1798,1801,1802,1803,1804,1805,1806,1807,1808,1809,1810,1807,1811,1254,1812,1292,1369,690,1192,1813,1814,1815,1816,1817,1818,1819,1820,1821,1822,1823,1824,1825,1826,1827,1761,1343,1227,1228,1320,1229,1828,1829,1830,690,1535,1831,1831,1832,1833,1834,1835,1836,1837,1535,1580,1838,1839,1840,1278,1228,1320,1483,619,611,619,1214,1215,1215,1215,1215,1215,1215,1215,1215,1215,1215,1215,1215,1215,1215,1215,1215,1215,1215,1215,1216,1841,1842,1843,1844,853,1845,1846,1847,27,27,28,113,1848,1849,292,293,293,293,23,1850,1851,1792,1793,1793,1793,1852,1853,1854,1851,1851,1855,1856,1857,9,
1192,1193,1858,1859,830,690,1860,1861,1193,1862,1863,1864,690,690,1865,1866,1867,690,690,1868,1193,690,830,1292,1368,1192,690,1193,1192,690,1191,1193,1192,690,690,690,1191,690,690,1193,1192,1193,619,1589,1468,1372,1279,1483,1869,1870,1871,1580,690,1831,1872,1873,1873,1873,1873,1874,1875,1625,1535,1876,1877,1878,1468,1279,1279,1483,619,612,612,1264,1265,1265,1266,1267,1215,1268,1269,1265,1265,1266,1267,1215,1268,1269,1265,1265,1266,1267,1215,1268,1879,1880,1881,1882,1883,1884,1885,1782,27,27,27,28,154,1886,22,293,293,293,319,1887,10,1888,1889,1890,1889,1891,1892,1893,470,9,12,9,1887,12,
690,690,1191,690,1243,1192,1193,690,690,1452,1192,1191,690,690,1894,1895,1896,690,1192,690,1193,1191,1243,1329,1292,1191,690,690,690,1193,1191,690,1191,1192,690,1191,1193,1193,690,690,1193,1191,612,957,1227,1279,1279,1229,1535,690,690,690,1580,1872,1873,1873,1873,1873,1873,1873,1874,690,1535,1580,1625,690,1278,1372,1228,1377,619,690,612,1897,1898,1899,1900,1901,1902,1903,1904,1898,1899,1900,1901,1902,1903,1904,1898,1899,1900,1901,1902,1905,1906,1880,1907,1908,1909,1910,1911,1912,1913,1914,1915,1916,114,1907,22,293,293,293,319,1917,55,1918,1919,1920,1919,1921,1922,1923,122,11,12,10,1917,12,
1335,1341,1335,1336,1334,1335,1335,1341,1341,1924,1334,1341,1336,1336,1336,1335,1335,1335,1334,1341,1341,1336,1341,1341,1336,1341,1336,1341,1334,1341,1334,1341,61,1363,1363,1363,1363,1363,1363,1363,1363,1363,65,1336,1925,1372,1320,1540,1625,1580,1580,1926,1927,1928,690,1625,1580,1580,1625,1625,1535,1625,1535,690,1580,690,1319,1279,1279,1377,690,690,612,1929,1930,1931,1930,1932,1933,1934,1935,1930,1931,1930,1932,1933,1934,1935,1930,1931,1930,1932,1933,1936,896,1880,1881,1937,1938,1939,1938,1940,1941,1942,1943,1944,114,1907,22,293,293,293,319,1945,22,1946,1947,1948,1947,1949,1919,1950,122,10,9,9,1917,9,
1320,1320,1228,1320,1228,1320,1279,1279,1279,1228,1320,1228,1372,1279,1279,1372,1228,1228,1372,1372,1372,1320,1372,1372,1372,1320,1372,1372,1320,1279,1320,1279,1951,1952,1952,1952,1952,1952,1952,1952,1952,1952,1953,1228,1279,1320,1372,1229,1954,1955,1535,1956,1957,1958,1580,1625,1625,1580,690,690,1580,1625,690,1580,1959,1630,1468,1372,1228,1483,611,1960,1778,1961,1962,1963,1962,1964,1965,1966,1967,1962,1963,1962,1964,1965,1966,1967,1962,1963,1962,1964,1965,1968,955,1880,1907,1969,1970,1939,1970,1971,1972,1938,1939,1973,114,1881,22,293,293,293,319,1917,22,1974,1889,1890,1889,1975,1976,1977,114,11,12,10,1887,9,
1479,1978,1979,1980,1981,1982,1981,1981,1983,1984,1479,1472,1471,1472,1470,1471,1472,1470,1985,869,869,869,869,869,869,869,1986,1471,1987,1372,1988,1471,110,111,111,111,111,111,111,111,111,111,112,1472,1989,1372,1228,1377,1990,1664,1625,1991,1992,1993,1580,690,690,1535,1994,1995,1996,1997,690,1625,1653,1654,1319,1372,1228,1229,690,1828,1998,1999,2000,2001,2002,2003,2004,2005,2006,2000,2001,2002,2003,2004,2005,2006,2000,2001,2002,2003,2004,2007,955,1880,1881,2008,2009,1943,2009,1944,1972,1970,1939,2010,122,2011,22,293,293,293,319,1945,22,2012,1919,2013,1919,2014,2015,2016,150,9,12,11,1887,12,
611,2017,2018,2018,2018,2018,2018,2018,2018,2019,2020,1292,611,611,690,612,690,611,2021,879,879,879,879,879,879,879,2022,881,1227,1320,1540,690,2023,2024,2025,2024,2025,2024,2025,2024,2025,2024,2026,611,1278,1228,1228,1483,2027,2028,1535,1580,2029,2030,1535,1625,1535,1580,2031,2032,2033,2034,690,1535,1692,2035,1468,1320,1372,1377,619,1877,1485,2036,1930,2037,2038,2039,1933,2040,1935,1930,2037,2038,2039,1933,2040,1935,1930,2037,2038,2039,1933,2041,955,1880,2011,2042,1937,1938,1940,2043,1941,2009,1943,2044,581,1907,22,293,293,293,319,1917,345,2045,1947,2046,1947,2047,2048,2049,254,11,9,9,1945,9,
611,2050,2018,2018,2018,2018,2018,2018,2018,2051,2052,2053,2054,2055,76,78,2056,2057,893,894,894,894,894,894,894,894,895,896,1227,1320,1483,690,2058,2059,2060,2059,2060,2059,2060,2059,2060,2059,2061,611,1468,1372,1320,1540,2062,1525,2063,1625,1625,1580,1625,1580,690,1535,2064,2065,2066,2067,690,1538,1525,1526,1319,1279,1320,1229,611,612,611,1961,1962,2068,2069,1964,1965,1966,1967,1962,2068,2069,1964,1965,1966,1967,1962,2068,2069,1964,1965,2070,2071,1880,1881,2072,1969,2073,1971,2074,2075,11,9,10,11,1881,22,293,293,293,319,1945,12,11,11,10,9,2076,2077,2078,9,9,12,12,1887,55,
690,2079,2080,2081,2081,2081,2081,2081,2081,2082,2083,2084,471,2085,225,227,2086,2087,917,894,894,894,894,894,894,894,918,956,1278,1320,1540,612,2058,2088,2089,2088,2089,2088,2089,2088,2089,2088,2090,619,1319,1228,1279,1483,1569,1570,1582,1535,690,1535,1535,1625,690,1535,690,1580,1535,690,690,2091,1581,2092,1468,1279,1372,1483,611,690,611,619,690,2093,2094,2095,2096,2097,690,612,1584,1585,2098,2096,2097,690,690,1584,2094,2095,2096,2097,619,1880,1881,2099,2008,2100,1944,2101,11,11,11,12,12,1886,22,293,293,293,319,2102,9,12,10,10,9,11,11,9,9,12,12,10,2103,148,
611,2104,2105,2106,2107,2106,2107,2106,2107,2108,2109,2110,302,97,98,98,99,303,2111,2112,2113,2113,2112,2113,2113,2112,2114,896,1278,1320,1540,612,2115,2116,2117,2116,2117,2116,2117,2116,2117,2116,2118,2119,2120,1279,1372,2121,1335,1335,1336,1336,1335,1335,1334,1341,1341,1336,1341,1336,1335,1335,1336,2122,1336,1335,2123,1228,1279,1483,612,619,611,611,611,611,611,690,690,1371,690,690,611,619,619,612,1583,690,690,690,690,690,619,1589,612,1880,2124,2125,2126,12,2127,2128,2129,2125,2130,2130,2130,2131,22,293,293,293,319,2132,1855,2133,1851,1851,1851,1856,1855,1855,1856,1855,2134,2135,2136,294,
619,2137,2138,2139,2138,2139,2138,2139,2138,2140,2083,2053,97,98,98,98,98,99,2141,2142,2143,2144,2142,2143,2144,2142,2145,956,1319,1372,1229,619,2146,2147,1521,2147,1521,2147,2148,2147,1521,2147,2149,956,2150,1320,1279,1372,1320,1372,1228,1228,1228,1320,1279,1279,1228,1228,1372,1279,1279,1320,2151,2152,2152,2152,2152,2152,2152,2153,1450,619,690,612,612,612,2154,2155,2155,2156,2157,2155,2158,2157,2155,2155,2156,2155,2155,2157,2155,2155,2157,2156,2157,2159,144,144,144,144,144,144,144,144,144,144,144,144,148,294,293,293,394,144,144,144,144,144,144,144,144,144,144,144,148,293,294,295,
619,2137,2160,2139,2160,2139,2160,2139,2160,2161,2109,2084,538,539,540,2162,2163,2164,2165,2166,2167,2167,2166,2167,2167,2166,2168,896,1227,1228,1483,2169,2146,2170,1521,2170,1521,2170,2171,2172,2173,2174,2175,896,2150,1372,1320,1228,1320,1372,1372,1228,1372,1228,1372,1228,1279,1320,1228,1320,1279,1320,2176,2177,2178,2177,2178,2177,2178,2179,955,611,612,612,2154,2158,2180,294,294,293,294,295,294,294,295,293,293,295,293,295,293,295,293,294,295,293,293,295,294,293,293,295,294,295,295,295,295,294,295,293,293,294,294,293,293,293,295,295,295,295,295,295,293,293,295,295,294,295,
612,2181,2182,2183,2182,2183,2182,2183,2182,2184,2109,2110,2185,2186,2187,2188,2189,2190,2191,2192,1043,1043,2192,1043,1043,2192,2193,955,1227,1372,1540,830,2194,2195,2196,2195,2196,2195,2196,2197,2196,2195,2198,896,2199,2200,1471,1479,1470,1470,1470,1479,2201,2202,1989,1279,1279,1320,1228,1988,2203,1472,2204,2205,2206,2205,2206,2205,2206,2207,2208,2209,2210,612,2211,2212,2213,295,295,294,295,293,293,294,293,294,294,294,295,293,293,295,293,293,293,294,295,295,293,294,293,293,293,295,294,294,293,293,295,293,293,294,293,295,294,293,294,295,294,295,293,295,294,293,293,295,295,293,
690,2214,2138,2139,2138,2139,2138,2139,2138,2140,2215,2110,2216,2217,2218,2188,2189,2190,2219,2142,2143,2144,2142,2143,2144,2142,2220,896,1468,1372,1540,2221,2222,2147,1521,2147,1521,2147,2148,2223,1521,2147,2149,896,896,1371,612,611,612,611,611,612,1589,619,1278,1372,1320,1320,1279,1229,2224,611,2225,2226,2227,2226,2227,2226,2227,2228,2229,2230,2231,2232,2233,2234,2235,295,23,177,177,177,177,177,177,177,177,177,177,177,177,177,177,177,177,177,177,177,177,177,177,177,177,177,177,177,177,177,177,2236,2237,2238,177,177,177,177,177,177,177,177,177,177,177,177,177,177,177,177,
690,2214,2160,2139,2160,2139,2160,2139,2160,2161,2052,2110,2239,2240,2241,2242,2243,2244,2245,2166,2167,2167,2166,2167,2167,2166,2246,955,1227,1228,1377,690,2222,2170,1521,2170,1521,2170,2171,2247,2173,2174,2248,896,956,739,2249,2250,2251,2252,1467,612,1412,612,1468,1372,1372,1320,1372,1229,739,612,2253,2254,2255,2254,2255,2254,2255,2256,2257,2258,2259,2260,2261,2262,2263,2264,319,9,12,2265,2266,2267,710,2267,2267,2266,2268,710,2268,2266,2268,2266,2268,709,2267,709,2269,711,2268,711,2269,2266,2269,709,2267,711,2268,2270,295,2271,710,2269,710,2267,710,2268,2266,2269,709,2268,711,2267,709,2268,709,2272,
611,2181,2182,2183,2182,2183,2182,2183,2273,2274,2052,2275,2276,2277,2278,2279,2280,2281,2191,2192,1043,1043,2282,1043,1043,2192,2283,955,1319,1279,1229,2284,2285,2195,2196,2195,2196,2195,2196,2197,2196,2195,2198,896,897,2286,2287,2288,2289,2290,2291,881,612,611,1278,1228,1320,1320,1228,1229,2292,2293,2294,2295,2296,2295,2296,2295,2296,2297,2298,2299,2300,2301,2302,2303,2304,2305,319,12,9,2306,2307,2308,748,2308,2308,748,2308,748,2309,749,2309,749,2308,748,2310,751,2308,2307,2310,751,2309,749,2308,749,2308,749,2310,2311,2312,2313,749,2308,749,2310,2314,2315,2316,2317,2307,2309,749,2309,2307,2309,749,2318,
690,2137,2138,2139,2138,2139,2138,2139,2319,2320,2052,2053,2321,2189,2322,2323,2324,2325,2326,2142,2143,2167,2327,2167,2144,2142,2220,955,1319,1279,1540,690,2328,2147,1521,2147,1521,2147,1521,2223,1521,2147,2329,897,2330,2331,2332,2288,2289,2333,2334,896,690,619,1278,1372,1228,1279,1279,1540,2335,2336,2337,2338,2339,2338,2339,2338,2339,2340,2341,2342,1292,2343,2344,2342,1292,2345,319,11,11,2346,2347,2348,2348,2349,2349,2349,2349,2349,2348,2349,2348,2349,2348,2349,2349,2349,2350,11,9,10,12,9,10,11,11,12,12,22,295,319,11,11,11,11,2351,2352,2353,2354,10,9,11,9,10,10,11,2346,
2355,1287,1288,1288,1288,1288,1288,1288,1289,2356,2357,2084,2358,2359,2360,2361,2362,2363,2364,2365,2366,2366,2367,2366,2366,2365,2368,1761,1319,1228,1377,612,2369,2370,2371,2370,2371,2372,2373,2374,2375,2370,2376,2330,619,2377,2287,2288,2289,2290,2378,2379,2380,612,1227,1228,1372,1279,1228,1377,2381,2382,2383,2254,2255,2254,2255,2254,2255,2384,2385,2386,2387,1292,2388,2386,2343,2305,319,9,10,2389,2390,2391,2391,2392,2393,2394,2392,2393,2394,2392,2393,2394,2392,2393,2394,2391,2395,10,9,9,12,10,12,10,10,10,11,2396,2397,2398,9,11,2399,2400,2401,2402,2403,2404,11,10,12,2405,2406,2407,2408,2389,
2409,1326,1327,1327,1327,1327,1327,1327,1328,2410,2052,1292,61,1363,1363,1363,2411,1363,1363,1363,65,2412,1292,1292,2084,2084,1292,2053,1278,1279,1229,619,2413,2414,2415,2416,611,612,612,611,690,690,612,690,619,2331,2332,2288,2289,2333,2334,2417,2418,619,1319,1320,1228,1279,1228,1540,2419,2420,2294,2421,2422,2423,2424,2423,2424,2425,2052,2426,2427,2385,2428,2426,2428,2429,2430,9,9,2431,2432,2433,9,2434,2435,2436,2437,2438,2436,2434,2435,2439,2440,2438,2436,2433,2441,11,11,10,9,9,12,11,10,9,10,2442,2443,2444,11,9,2445,2446,2447,2448,2449,818,9,9,9,2450,2451,2452,2453,2454,
2455,1406,1406,1406,1406,1406,1406,1406,1406,2456,2052,1292,1951,1952,1952,1952,1952,1952,1952,1952,1953,2457,2458,2084,1292,1292,2110,2084,1278,1279,1540,2459,2460,2461,2462,2463,2286,2464,2464,2464,2464,2464,2464,2464,2464,2464,2464,2465,2289,2290,2378,2466,2467,619,1278,1320,1228,1372,1372,1377,2468,2469,2470,2471,2472,2473,2473,2473,2474,2472,2473,2473,2473,2473,2473,2474,2475,2476,2477,10,12,2478,2479,2480,10,9,9,11,10,9,9,12,11,12,9,10,12,2481,2482,10,9,11,11,12,10,11,10,11,10,2442,2483,2444,11,12,2484,2485,2486,2487,2488,2489,2490,2491,2492,2493,2494,2495,2496,2478,
2497,1406,1406,1406,1406,1406,1406,1406,1406,2498,2052,1292,110,111,111,111,111,111,111,111,112,2499,2458,619,619,690,612,619,1319,1228,1540,2500,619,611,612,2501,2287,2502,2502,2502,2502,2502,2502,2502,2502,2502,2502,2502,2503,2333,2334,2504,2505,690,1278,1320,1372,1320,1279,1377,2506,2507,2508,2509,2510,2511,2511,2511,2512,2510,2511,2511,2511,2511,2511,2512,2513,2514,2477,12,11,2346,2515,2348,2348,2349,2516,11,2517,2518,2519,10,2520,2521,2522,2523,2348,2349,2524,2525,11,12,11,12,11,11,9,9,10,2442,2483,2444,11,9,2526,2527,2528,9,10,12,196,197,198,2529,2530,2531,2532,2346,
2533,2534,2535,2536,2537,2538,2536,2535,2534,2539,2109,2275,2540,2541,27,2542,2541,27,2542,2541,2543,2544,2545,612,2546,2547,2548,2549,1227,1372,1540,2550,619,2551,2552,2553,2554,2555,2556,2557,2558,2555,2559,2555,2560,2557,2557,2555,2556,2561,2378,2562,2563,612,1468,1279,1320,1279,1228,1540,611,2564,2509,2565,2566,2567,2567,2567,2568,2566,2567,2567,2567,2567,2567,2568,2569,2570,2571,10,11,2572,2573,2391,2391,2391,2574,12,2575,2576,2577,12,2578,2579,2580,2581,2391,2391,2582,2583,11,9,11,11,9,12,10,11,11,2442,2584,2444,11,9,11,2585,2406,2407,2586,10,235,236,237,2587,2588,2446,2589,2478,
2590,2591,2592,2591,2593,2594,2591,2592,2591,2595,2083,2084,2596,2597,27,2598,2597,27,2598,2597,2543,2599,2600,619,2601,2602,2603,2604,1468,1228,1540,612,612,2605,2606,2607,2608,2609,2610,2557,2557,2609,2610,2609,2610,2557,2611,2609,2610,2612,2613,955,611,619,1468,1320,1279,1279,1228,1377,619,2614,2615,2616,2617,2618,2619,2619,2620,2617,2621,2619,2619,2619,2621,2620,2622,2623,2624,9,11,2431,2625,2626,2627,12,12,9,2628,2441,2629,12,9,11,55,144,144,270,2630,2631,10,10,9,11,10,11,12,12,9,2442,2443,2632,2633,12,9,2450,2451,2452,2634,11,271,272,2635,9,2484,2485,2636,2431,
2637,2638,2592,2638,2639,2640,2638,2592,2638,2595,2052,1292,2641,2642,27,2643,2642,27,2643,2642,2543,2644,2645,619,2646,2647,2648,611,1468,1320,1377,2649,611,2650,2651,2652,2653,2654,2655,2611,2656,2654,2655,2654,2655,2656,2656,2654,2655,2657,2658,896,612,611,1319,1279,1372,1320,1279,1229,611,2659,2660,2661,2617,2619,2619,2618,2620,2617,2619,2619,2618,2619,2619,2620,2662,2663,2664,12,9,2389,2665,2666,12,9,9,12,2667,2668,2666,10,12,2669,2670,177,292,394,2671,2628,12,12,12,9,9,12,12,10,12,2442,2584,2483,2444,9,10,2672,2494,2495,2673,10,320,321,2674,11,2675,2676,2677,2389,
1672,2678,1673,2679,2680,2681,2679,1673,2678,2682,2083,1292,2683,2684,2685,2686,2684,2685,2686,2684,2687,2688,2689,612,690,690,619,2690,1468,1228,1377,831,612,2691,2692,2693,2694,2695,2696,2695,2696,2695,2696,2695,2696,2695,2696,2695,2696,2697,2698,956,690,619,1278,1372,1372,1228,1320,1377,619,2699,2700,2701,2702,2703,2704,2703,2705,2706,2707,2708,2709,2710,2711,2712,2713,2714,2715,270,12,2431,2716,2349,2348,2348,2348,2349,2717,2718,2719,2348,2348,2720,2721,2348,2722,2723,2724,2725,270,11,2726,2727,2728,11,9,10,10,2729,2730,2483,2632,2633,10,2731,2732,2733,2734,2735,11,2736,2633,2399,2400,2737,9,2431,
2738,2591,2592,2591,2593,2594,2591,2592,2591,2739,2052,1292,2740,2741,2742,2743,2741,2742,2743,2741,2744,2745,2746,2747,2748,2749,2548,2604,1468,1372,1483,2750,2751,2752,2753,2754,2755,2756,2757,2756,2757,2756,2757,2756,2757,2756,2757,2756,2757,2758,2759,2760,611,612,1319,1320,1279,1320,1320,1540,619,2761,2762,2763,2764,2765,2764,2765,2766,2767,2768,2769,2770,2771,2767,2768,2772,2773,2774,319,9,2572,2775,2391,2391,2391,2391,2391,2391,2776,2777,2391,2391,2778,2779,2391,2391,2777,2780,2781,394,270,2782,2446,2783,9,10,11,11,9,2442,2584,2784,2632,2633,2587,2785,2786,2446,2589,11,2442,2444,2782,2446,2787,11,2572,
2788,2789,2790,2789,2791,2792,2789,2790,2789,2793,2052,1292,2794,2795,2796,2797,2795,2796,2797,2795,2798,2799,2800,2801,2802,2602,2603,612,1319,1372,1377,611,2803,2804,2805,2806,2807,2808,2809,2808,2809,2808,2809,2808,2809,2808,2809,2808,2809,2810,2811,2812,2813,612,1468,1228,1279,1320,1320,1483,612,2761,2700,2814,2764,2815,2764,2815,2766,2816,2817,2818,2819,2820,2816,2817,2821,2822,2823,394,270,2824,709,2268,711,2268,2268,2266,2272,2665,2825,11,10,11,11,9,12,2631,2826,345,292,394,2827,2485,2636,11,11,9,12,9,2828,2829,2830,2831,2444,10,9,2484,2485,2832,11,2442,2444,2833,2485,2832,10,2346,
2834,2835,2836,2837,2838,2838,2839,2840,2835,2841,2052,2842,2843,2844,2845,2846,2847,2848,2843,2844,2845,2849,2850,2851,2852,2853,2854,2855,1278,1228,1540,612,2856,2857,2858,2859,2860,2861,2862,2862,2863,2864,2865,2865,2866,2861,2862,2862,2863,2867,2868,2869,2870,611,1227,1228,1372,1279,1228,1229,619,2871,2872,2873,1621,2874,1621,2874,2875,2876,2877,2878,2879,2880,2876,2877,2881,2882,2883,295,394,2884,751,2308,751,2309,2309,749,2318,2668,2885,9,10,2886,2887,9,10,2888,2479,11,345,292,2889,2890,2891,12,12,10,10,9,2892,2451,2452,2893,2444,12,11,2894,2676,2891,12,2442,2444,2895,2896,2891,11,2478,
2897,2898,2899,2900,2901,2902,2903,2904,2898,2905,2083,2110,2906,2907,2908,2909,2910,2911,2912,2913,2914,2915,2916,2917,2918,690,611,2604,1278,1372,1483,619,2919,2920,2921,2922,2923,2924,2925,2925,2926,2927,2928,2929,2930,2924,2925,2925,2926,2931,2932,2933,611,619,1319,1320,1228,1372,1279,1377,611,2934,2935,2936,2937,2938,2939,2940,2941,2942,1705,2943,1705,2944,2945,2946,2947,2948,2949,294,294,394,144,144,270,9,9,10,2431,2441,2480,10,12,2950,2951,9,9,2480,2668,10,12,345,292,319,12,10,12,9,12,9,2952,2494,2495,2953,2632,2633,9,9,10,2736,2954,2955,2444,12,9,9,10,2454,
2956,2957,2958,2959,2960,2961,2962,2963,2957,2964,2965,2053,2966,2967,2968,2969,2970,2971,2972,2973,2974,2975,2976,2977,2978,611,2979,611,1227,1372,1540,611,2980,2981,2982,2983,2984,2985,2986,2987,2988,2989,2990,2991,2992,2993,2987,2994,2995,2996,2997,2998,611,612,1278,1372,1279,1279,1279,1540,611,2999,3000,3001,3002,3003,3004,3005,3006,3007,1747,3008,1747,3009,3010,3011,3012,3013,3014,3015,3016,3017,3018,293,319,12,12,10,2572,2716,2348,2349,2348,2348,2349,2349,2349,2349,3019,11,9,11,22,319,9,10,12,10,11,10,2731,3020,3021,3022,2483,2632,3023,3024,3025,2955,3026,3027,3028,10,9,10,11,3029,
690,611,611,690,3030,3031,619,690,690,612,2084,1292,690,2646,2647,3032,611,2646,2853,2648,619,3033,690,612,611,611,3034,612,1319,1228,1540,619,619,611,612,612,3035,619,3036,619,619,611,3037,3038,611,612,619,619,619,612,611,2979,611,3039,2123,1228,1372,1372,1228,3040,3041,3042,3043,3044,3045,3046,3047,3048,3049,3050,3051,3051,3051,3052,3053,3054,3055,3056,3057,612,612,619,3058,295,319,10,10,10,3059,3060,2391,2391,2391,2391,2391,2391,2391,2391,2577,11,10,11,22,3061,2727,3062,9,10,12,12,3063,3064,3065,2442,3026,3027,3066,3067,3068,3027,3028,10,9,10,10,9,10,2431,
619,612,612,690,690,611,690,619,690,3069,2084,2053,3070,3071,690,3072,3073,619,3070,3071,690,690,612,612,690,611,2750,611,1278,1279,1540,612,612,612,612,3074,3075,3076,612,612,619,619,611,612,690,619,690,612,690,611,611,831,3039,2123,1372,1279,1320,1279,1320,1320,3040,3077,612,612,3034,619,611,619,619,611,611,612,619,619,3037,3078,612,612,612,612,611,611,3079,293,319,10,10,12,2478,11,3080,3081,3082,10,12,10,10,11,9,9,9,12,22,3083,2446,2589,11,11,9,10,9,11,10,2442,2444,9,3084,3085,3086,12,9,10,9,10,9,11,11,2572,
612,690,619,612,690,619,690,690,611,830,1292,2110,619,612,611,612,690,619,612,612,690,690,619,690,690,619,612,612,1319,1228,1540,612,611,611,611,612,611,619,3087,1287,3088,619,611,619,612,619,3089,1289,3090,619,619,3091,1319,1372,1372,1320,1228,1228,1279,1279,1320,2121,1335,3092,2750,612,612,611,619,611,619,611,619,612,612,619,619,611,619,611,619,612,3079,294,319,9,9,10,2454,11,3093,3094,3095,12,11,12,10,9,10,11,11,12,22,3096,2485,3097,11,12,10,10,11,12,3098,3099,3100,2633,3101,3102,3103,3104,3105,12,12,11,9,12,11,2431,
690,690,611,690,690,690,612,611,690,3091,2053,2110,612,611,619,619,619,611,690,612,690,690,690,611,690,3106,1335,1335,2123,1228,3107,1335,1335,1335,1335,1335,1335,1335,3108,1326,3109,1288,1288,1288,1288,1288,3110,1328,3111,1335,1335,1335,3112,1320,1228,1372,1320,1372,1279,1228,1320,1372,1228,3040,1334,1341,1335,1341,1334,1334,1334,1334,1341,1336,1334,1341,1336,1336,1335,1336,1334,3113,2397,2397,3114,2954,2954,2954,3115,2954,2954,2954,2954,2954,2954,2954,2954,2954,2633,10,12,55,148,3116,3117,2528,9,10,11,12,11,10,3118,3119,3120,3121,144,270,3122,3094,3123,10,9,12,11,11,12,2478,
3124,3125,1341,1336,1336,1335,1341,3126,3127,3128,85,86,86,86,87,86,86,86,86,86,87,86,86,86,86,87,3129,1228,1228,1372,1279,1228,1320,1320,1320,1279,1372,1279,3130,3131,3132,1327,1327,1327,1327,1327,3130,3131,3132,1372,1372,1372,1372,1372,1372,1372,1279,1279,1279,1320,1372,1228,1279,1372,1372,1228,1372,1320,1320,1279,1228,1228,1279,1372,1279,1372,1228,1372,1279,1228,1228,3133,2443,2584,2443,2443,2443,2584,3134,2584,2584,2483,2483,2443,2483,2483,2483,2443,2632,3135,3136,3137,3138,24,3139,3140,3141,3140,3142,3143,10,11,3084,3144,3145,3146,292,394,144,144,270,11,12,12,11,9,9,3059,
3147,3148,1279,1279,1279,1320,1279,3147,3148,3149,3150,3151,126,126,128,3152,3150,3151,126,126,128,3152,3150,3151,126,128,3153,1228,1372,1279,1279,1228,1228,1279,1320,1320,1228,1372,3154,3155,3156,1406,1406,1406,1406,1406,3154,3155,3156,1228,1279,1279,1372,1279,1372,1228,1372,1372,1279,1372,1320,3157,3158,869,869,869,869,869,869,869,869,869,869,869,869,869,869,869,869,869,869,869,869,3159,3160,2584,2584,2483,3161,2483,2443,2443,2443,2483,2443,2443,2443,2483,2443,3162,2446,3163,3164,3142,3165,3166,3167,3168,3169,3170,3171,3172,3101,3173,3174,2444,345,177,3175,3176,3177,3178,144,270,11,10,11,3029,
3179,3180,1470,1472,1472,1471,1470,3179,3181,3182,3183,3184,158,158,158,3185,3183,3184,158,158,158,3185,3183,3184,158,158,163,1228,1320,1279,1320,1228,1372,1372,1320,1228,1320,1228,3186,3187,3188,3189,3190,3191,3189,3190,3192,3187,3193,3194,3195,1372,1320,1228,1372,1372,1372,1228,1320,1372,1372,3196,3197,3198,3198,3198,3198,3198,3198,3198,3198,3198,3198,3198,3198,3198,3198,3198,3198,3198,3198,3198,3198,3199,3200,3027,3027,3027,3201,3027,3027,3027,3202,3203,3204,3205,2730,2584,3026,3206,2485,3207,3208,3209,3210,3211,3212,3213,3214,3215,3216,3217,3142,3140,3218,2444,11,9,3219,2451,2452,3220,295,319,12,10,9,2346,
3221,3222,611,3223,3224,3225,611,3226,3227,3228,3229,3230,189,189,191,3228,3229,3230,189,189,191,3228,3229,3230,189,191,192,3231,3232,1469,1479,1471,1471,1472,1471,1479,1471,1470,3233,3234,3235,3236,3237,1747,3236,3237,3238,3234,3239,3240,3241,1471,1989,3242,1279,1372,1372,1320,1320,1320,1469,893,894,894,894,894,894,894,894,894,894,894,894,894,894,894,894,894,894,894,894,894,894,894,895,130,10,9,2572,11,10,11,3243,2451,2452,2453,2729,2730,2444,2675,2896,2891,12,3244,3245,3246,3247,3248,3249,3250,3251,3252,3208,3208,3253,2444,9,9,2672,2494,2495,3254,292,394,270,9,12,2389,
3255,1242,619,3256,3257,3258,690,3259,3260,3261,3262,3263,3264,3264,3265,3261,3262,3263,3264,3264,3265,3261,3262,3263,3264,3264,3266,897,3267,1377,3268,3269,3270,3270,3271,3270,3271,3271,3272,3273,3274,3275,3276,3277,3275,3276,3278,3273,3279,897,897,612,3280,3281,1470,1987,1320,1320,1279,1726,3282,917,894,894,3283,3284,3285,894,894,894,894,894,3283,3284,3285,894,894,894,894,894,3283,3284,3285,894,918,122,10,11,2431,2726,2727,2737,3286,2494,2495,2496,9,2442,2632,2633,9,11,12,3287,3288,3289,3290,3291,3292,3293,3294,3295,9,2736,2955,2444,11,11,2731,3020,3296,3297,345,292,319,12,10,2346,
612,612,690,612,619,619,619,619,690,3298,3299,3300,3301,3301,3302,3303,3299,3300,3301,3301,3302,3303,3299,3300,3301,3301,3304,897,3267,1377,3305,3306,3307,3308,690,3306,3309,3310,3311,3234,3235,3236,3237,1747,3236,3237,3238,3234,3312,897,956,611,611,2221,690,3280,1987,1320,3313,3282,612,3314,3315,3316,3317,3318,3319,3315,3316,3320,3315,3316,3317,3318,3319,3315,3316,3320,3315,3316,3317,3318,3319,3321,3322,150,11,9,2478,2782,2446,2783,2529,3323,3021,3297,10,2729,2730,2444,12,9,9,11,3324,3325,3326,3327,3328,3329,3295,11,2736,2955,3026,3028,10,11,3063,2785,3330,12,9,22,319,12,10,2572,
3331,612,3332,3333,3333,3333,3334,611,3335,3336,3337,3338,3339,3339,3340,3341,3337,3338,3339,3339,3340,3341,3337,3338,3339,3339,3342,955,3267,1377,3343,690,690,612,612,612,690,619,3344,3345,3346,3347,3348,3349,3347,3348,3350,3345,3351,956,956,611,3352,3353,619,619,1319,1228,1377,612,619,3354,3355,3356,3357,3358,3359,3360,3356,3320,3355,3356,3357,3358,3359,3360,3356,3320,3355,3356,3357,3358,3359,3361,2329,154,9,10,2346,3362,2485,2832,3363,3364,3365,10,12,2736,2955,2632,2954,2954,2633,12,10,3287,3208,3209,3252,3366,12,2736,2955,3026,3028,9,12,9,11,12,10,10,9,22,319,12,11,2454,
3367,3368,3369,1056,3370,1056,3371,3372,3373,3374,3375,3376,3264,3264,3265,3377,3375,3376,3264,3264,3265,3377,3375,3376,3264,3264,3266,897,3267,1377,3378,3379,3380,3310,690,690,3381,612,3382,3383,3384,3385,3383,3386,3385,3383,3387,3385,3388,897,3389,3390,1473,1474,3391,690,1319,1320,1540,619,611,3392,3393,3394,3395,3396,3397,3393,3394,3320,3393,3394,3395,3396,3397,3393,3394,3320,3393,3394,3395,3396,3397,3398,3399,150,11,10,2478,2675,2527,2677,2445,2446,2589,12,12,2442,3026,3400,3401,3402,2632,2954,2633,10,11,3244,3403,12,2736,2955,3026,3028,10,10,9,11,10,9,9,10,11,22,319,10,9,2572,
3404,3405,3369,1056,3406,1056,3371,3407,3405,3408,3409,3410,3301,3301,3302,3411,3409,3410,3301,3301,3302,3411,3409,3410,3301,3301,3412,897,3413,1377,3343,619,690,690,611,3379,3380,3414,3415,3416,3417,3418,3419,3420,3415,3416,3417,3415,3416,897,3421,3422,3423,3424,3425,612,1468,1320,1483,619,611,3426,3427,3427,3428,3429,3430,3315,3316,3320,3427,3427,3428,3429,3430,3315,3316,3320,3427,3427,3428,3429,3430,3321,3431,3432,11,12,2346,2399,2400,2728,3362,2485,3097,9,2736,2955,2444,2445,2446,3433,2730,2443,2632,2954,2954,3434,3435,2954,2955,3026,3028,11,10,9,9,10,9,3436,2400,2735,12,22,319,12,9,2431,
3437,3438,3439,3440,3440,3440,3441,3442,3443,3444,3445,3446,3447,3448,3449,3450,3445,3446,3447,3448,3449,3450,3445,3446,3448,3451,3452,1254,1227,1377,3378,3306,3380,3414,619,690,3453,690,3454,3455,3456,3457,3458,3456,3454,3455,3456,3454,3455,897,3459,3460,3461,3462,690,619,1278,1228,1377,619,611,3354,3463,3464,3465,3466,3467,3360,3356,3320,3463,3464,3465,3466,3467,3360,3356,3320,3463,3464,3465,3466,3467,3361,3468,2715,144,270,2572,2782,2446,2589,2895,2896,3469,3470,3471,3026,3028,3362,2485,3097,2729,3027,3027,3027,3027,3472,3473,3474,3027,3028,11,10,12,9,12,11,10,2782,2446,2783,9,22,319,12,12,2389,
3475,3227,619,3476,3477,3478,612,1189,1190,3479,3480,3481,830,690,690,3479,3480,3481,831,611,612,3482,3480,3481,690,3483,3484,690,1227,1377,3343,612,612,619,690,619,3485,690,3486,3487,3488,3489,3490,3491,3492,3493,3494,3492,3487,1254,611,690,612,612,612,619,1468,1228,1377,611,3495,3496,3497,3498,3499,3500,3501,3502,3503,3504,3497,3498,3499,3500,3505,3502,3503,3504,3497,3498,3499,3500,3501,3506,3507,3508,295,319,2346,2484,2485,3509,2400,2735,3510,3511,3512,2444,10,2895,3117,2891,12,9,12,10,11,3513,3514,3515,12,9,10,9,10,3516,3517,3518,9,2484,2485,2832,10,22,319,9,10,2454,
3255,3260,611,3519,3520,3521,690,3259,3260,3522,3523,3524,1243,690,690,3525,3526,3524,2750,612,612,3525,3523,3527,611,3528,3529,619,1227,1377,3530,3269,3270,3270,3531,619,3532,3270,3271,3269,3533,611,619,3534,612,611,611,690,619,619,611,690,612,612,612,612,1278,1320,1540,619,3535,3536,293,294,3537,3538,3539,294,294,3540,293,295,3541,3538,3542,293,293,3543,295,294,3537,3544,3539,295,3545,293,293,319,3029,2894,2527,3546,2446,2787,3547,3548,3145,2444,11,9,10,10,12,10,12,10,12,3513,3549,3515,9,10,9,10,10,3550,3551,3552,11,2894,2896,3553,144,148,319,10,12,2478,
1335,1336,1341,1334,1334,1335,1335,1924,1335,1341,1341,1341,1341,1341,1341,1341,1341,1341,1341,1341,1341,1341,1341,1341,1341,1341,1341,1341,3554,2121,1341,1341,1341,1341,3555,1341,1341,1341,1341,3555,1341,1341,1341,1341,1341,1341,1341,1341,3555,1341,3555,1341,1341,1341,1341,1341,3554,1372,1665,3556,3535,3557,3558,3559,3559,3559,3560,3561,3560,3562,3563,3559,3561,3560,3564,3560,3559,3565,3566,3561,3561,3559,3561,3559,3567,3568,293,319,2454,12,9,2484,3569,2832,3101,3570,3174,2632,2633,10,10,10,3571,3572,3573,12,10,3513,3514,3515,9,12,12,10,12,55,144,144,144,144,144,3574,3575,3576,3577,12,11,2454,
1472,1479,1471,1471,1472,1471,1470,1479,1479,1472,1472,1472,1472,1472,1472,1472,1472,1472,1472,1472,1472,1472,1472,1472,1472,1472,1472,1472,1472,1472,1472,1472,1472,1472,1472,1472,1472,1472,1472,1472,3578,85,86,86,86,87,3579,1472,1472,1472,1472,1472,1472,3580,3581,1472,1989,1372,1228,1229,3582,612,690,690,1535,1535,611,1535,690,1535,1580,1535,1535,1535,3583,690,690,690,1625,1535,1535,1580,690,690,3583,3584,3585,319,2572,10,12,3586,3587,3588,11,12,2729,2730,2444,11,10,12,3589,3590,3591,10,10,3513,3514,3515,12,11,9,55,144,148,294,293,294,23,177,3592,2451,2452,2453,11,11,2478,
294,294,295,293,3593,3594,3595,294,3596,690,611,612,611,690,612,611,690,619,619,611,611,3597,3598,3158,869,869,869,3159,3599,3600,612,3601,3602,3603,3603,3603,3604,3605,690,611,3606,3607,127,127,127,3608,3609,690,619,690,690,690,690,3483,3610,619,1468,1228,1279,1540,619,1580,1535,1580,3611,3612,3613,690,1535,1625,690,690,1535,1580,690,690,690,1580,1580,1580,1625,690,690,690,1625,690,3614,319,3059,2399,2400,3062,3098,3615,3616,9,12,2442,2632,2954,2954,2954,2954,2954,2954,2633,3617,3618,3619,3620,3617,55,144,148,23,177,177,177,3621,3622,2728,2952,2494,2495,2496,11,10,2431,
294,294,294,294,3593,3623,3624,3625,3626,619,611,612,690,612,690,690,690,690,690,612,690,3627,3628,3197,3198,3198,3198,3199,3629,3629,612,865,3630,3631,3631,3631,3632,867,612,690,3633,3634,3635,126,3636,3637,129,612,611,690,690,619,611,3638,3639,690,1468,1228,1320,1229,612,3640,1625,690,3641,3642,3643,3644,3645,3646,3647,3648,3649,3650,1580,690,3651,3652,3653,3654,3655,3656,3657,3658,3659,690,3079,319,2478,2445,2446,2787,3660,3511,3661,11,2736,2955,3026,3027,3027,3027,3027,3027,2730,2632,3662,3663,3664,3665,3666,148,23,3667,3668,2407,2586,9,2445,2446,2787,3669,3020,3670,3671,9,12,2478,
293,293,293,293,3593,3672,3673,3674,3675,2157,2157,3676,61,1363,1363,1363,1363,65,3677,3678,2155,3628,3679,894,894,894,894,894,3680,3629,3681,3682,3683,3684,866,3683,3684,3685,3686,2157,3687,3688,3689,159,3688,3689,3690,61,1363,1363,1363,1363,65,3691,3691,3692,3693,1279,1279,3694,3695,3696,1535,690,690,690,690,3697,3698,3699,3700,3701,3702,3703,3704,1535,3705,3706,3707,3708,3709,3710,3711,3712,3713,1625,3614,319,3059,3714,2485,2832,3547,3548,3715,12,2729,3027,3716,3717,2407,2408,11,11,2729,3027,2730,3718,2397,3719,148,23,24,3243,2451,2452,3720,10,2484,2485,3097,3721,3722,3723,10,12,11,2346,
293,295,293,294,3593,3623,3724,3595,3725,294,293,3726,1951,1952,1952,1952,1952,1953,3727,3728,3729,3679,894,894,894,894,894,894,894,3680,3730,3731,3732,3733,866,3732,3733,3734,3728,3735,3736,3737,3738,158,3739,3740,3741,110,111,111,111,111,112,2483,2483,3742,3743,3744,3744,3745,3695,2386,1535,690,690,3746,3747,3748,3749,3750,3751,3752,3753,3754,3755,1535,3756,3757,3758,3759,3760,3761,3762,3763,3764,1535,3058,319,3029,2675,2527,2528,3765,3173,3766,2400,2737,9,2892,2451,2452,2453,12,9,9,11,2729,3027,2730,3718,3767,24,12,2672,2494,2495,3768,3769,3770,2676,2891,10,3436,2400,2728,9,11,3029,
295,295,295,293,3593,3623,3771,3772,3773,294,295,3774,1400,1401,1402,1401,1402,1403,3775,3728,3776,3777,3778,3779,3778,3779,3778,3779,3778,3780,1045,3781,3782,3783,3784,3782,3783,3785,3786,3786,3787,3788,3789,3790,3791,3792,3793,2023,3794,3794,3794,3794,3795,2483,2483,3742,3623,3771,3771,3673,3695,3796,690,690,690,3797,3798,3799,3800,3801,3802,3803,3804,3805,690,1625,1535,690,3806,3807,3808,3809,3810,3753,3811,690,3079,319,3059,11,2726,3769,2735,9,2782,2446,2787,12,2672,2494,2495,3812,10,9,11,11,12,9,2442,3026,3028,10,10,2731,3020,3021,3813,2446,2783,3814,2400,2735,2445,2446,2589,9,12,2454,
293,293,295,294,3593,3623,3771,3815,3816,295,295,3817,3818,3819,3818,3819,3818,3819,1443,3820,3821,3822,3823,3824,3823,3824,3823,3824,3823,3825,3820,3826,3827,3828,3829,3827,3828,3830,3831,3832,3833,3834,2592,3834,2592,3834,3835,3836,3837,3838,3837,3838,3839,2483,2483,3840,3623,3771,3771,3673,3695,612,690,690,3841,3842,3843,3844,3845,3846,3847,3848,3849,3850,1535,690,690,690,3851,3852,3853,3854,3855,3856,3857,690,3058,319,2389,11,2445,2446,2783,9,2833,2485,2486,9,2529,3323,3670,3297,10,9,9,12,11,9,2442,2444,9,9,12,2587,3858,3859,3714,2485,2636,2445,2446,2589,2484,2485,2486,11,10,3029,
293,294,294,293,3860,3861,3862,3771,3772,294,294,1499,3863,3864,3863,3864,3863,3864,1504,3865,3866,3867,3868,3869,3868,3869,3868,3869,3868,3870,3871,3872,3873,3874,3875,3873,3874,3876,3877,3878,3833,3879,2592,3879,2592,3879,3880,3881,3882,3883,3882,3884,3885,2483,2483,3886,3887,3771,3771,3673,3695,3888,1535,1535,3889,3890,690,3891,690,3892,3893,3894,1625,3895,690,690,1625,690,3896,3897,3898,3899,3900,3901,3902,690,3058,319,2454,11,2484,2485,2486,11,2675,2896,2891,10,3721,3722,3065,9,11,10,10,9,11,2736,2955,2632,2633,12,9,9,12,12,2895,2676,3903,3714,2485,2636,2526,3117,3903,10,10,3059,
295,295,293,293,294,3860,3904,3771,3624,3625,293,3905,3906,3907,3908,3906,3907,3908,3909,3910,3911,3912,3778,3779,3778,3779,3778,3779,3778,3913,3914,3915,3782,3783,3916,3782,3783,3917,3918,3919,3920,3921,2592,3921,2592,3921,3922,3923,3924,3925,3926,3924,3927,3928,2483,3623,3771,3771,3771,3673,3695,3929,690,690,3930,3931,1535,690,690,3932,3933,3934,1535,1625,690,1535,1625,1625,3935,3936,3937,3938,3939,690,1625,690,3058,319,2389,10,2895,2896,2891,9,12,9,9,9,10,10,10,9,11,10,12,9,10,2442,3940,3941,2444,11,9,9,10,12,11,12,9,2895,2527,3903,9,12,11,9,10,2478,
293,295,294,294,293,295,3942,3943,3944,3945,3946,3947,3948,3949,3950,3951,3949,3952,3953,3954,3955,3956,3823,3824,3823,3824,3823,3824,3823,3957,3958,3959,3827,3828,3829,3827,3828,3830,3960,3961,3962,3834,2592,3834,2592,3834,3963,3964,3965,3966,3967,3968,3969,3970,2483,3971,3771,3771,3771,3673,3695,3972,1535,1535,3973,3974,690,690,690,690,1580,690,1535,690,690,3975,3976,1535,3977,3978,690,1535,690,690,690,3979,3058,319,2824,711,2269,710,2269,709,2268,2266,2268,711,2267,711,2268,711,2268,2266,2268,2266,2268,3980,3981,3982,3983,2269,710,2269,2266,2267,2266,2268,711,2268,710,2268,711,2268,2266,2267,711,3984,
293,294,294,295,294,294,3593,3985,3771,3986,3987,3988,3989,3990,3991,3992,3993,3994,3995,3996,3997,3998,3999,3824,3999,3824,3999,3824,3999,4000,4001,3872,3873,3874,3875,4002,4003,3876,4004,4005,4006,3879,2592,3879,2592,3879,3963,4007,4008,4009,4010,4008,4011,4012,2483,4013,3771,3771,3771,3673,4014,3796,690,1625,4015,4016,690,4017,4018,690,3979,690,1580,690,690,4019,4020,690,690,690,690,690,1535,1580,690,4021,3058,319,4022,749,2309,748,2308,751,2309,2307,2308,751,2309,749,2309,2307,2309,751,2308,2307,2308,4023,4024,4025,4026,2309,1783,1784,1784,1784,1784,1784,1785,2309,748,2309,748,2308,749,2308,751,4027,
293,293,293,293,293,293,3593,3623,3771,4028,4029,4030,3906,3907,3908,3906,4031,4032,4033,4034,4035,4036,4037,4038,4039,4040,4041,3779,3779,4042,3919,4043,4044,4045,4046,4047,4048,4049,3914,3914,4050,3921,4051,4052,4053,3921,3922,4054,3924,182,182,3924,4055,4056,2483,3971,3771,3771,3771,4057,4058,4014,690,612,4059,4060,690,4061,4062,619,4063,1625,1580,1580,690,4064,4065,1580,690,4066,4067,1535,4068,4069,1580,4063,3079,394,270,11,11,12,10,10,11,12,10,11,9,10,9,9,9,11,10,10,10,4070,4071,2443,3121,270,2058,27,27,27,27,27,2543,11,12,11,12,10,10,11,10,55,
295,295,295,294,295,295,4072,3672,3771,4073,4074,4075,3951,3949,3950,3951,4076,4077,3995,4078,4079,4080,4081,4082,4083,4084,4085,4086,4087,4000,4088,4089,3827,3828,3829,3827,3828,4090,4091,4091,4006,3834,4092,4093,4094,3834,4095,3964,3965,4096,4097,3968,3969,4056,3886,4098,3771,3771,3771,3771,4057,4058,4014,3691,3691,3691,3691,4099,4100,4101,4063,612,1580,1625,690,4102,4103,1535,690,4104,4105,1625,4106,4107,690,4108,4109,23,1783,1784,1784,1784,1784,1784,1785,10,12,4110,4111,4111,4111,4111,4111,4111,4111,4112,270,345,4113,2443,3674,319,2058,27,27,27,4114,4115,4116,144,1734,1735,1735,1735,1735,1735,1736,345,
295,293,293,293,294,295,4117,3623,3771,4118,4119,4120,4121,4122,4123,4121,4124,4125,4126,4127,4128,4129,4130,4131,4132,4133,4134,4135,4136,4137,4138,4139,3873,3874,4140,3873,3874,4141,4091,4142,4143,4144,4145,4146,4147,4144,4148,4149,4008,4150,4151,4008,4152,4153,4098,3771,3771,3771,3771,3771,3771,4154,4155,4156,4155,4156,4157,4157,4058,4158,4159,4160,4161,4161,4162,4163,4164,1535,690,2066,4165,690,4166,4167,690,3079,23,24,2058,27,27,27,27,27,2543,270,55,4168,894,894,894,894,894,894,894,4169,319,55,4170,2584,3674,319,4171,4172,4173,4172,4174,4175,4176,4177,1792,1793,1793,1793,1793,1793,1794,270,
293,295,295,293,293,4178,4179,4180,3862,3944,4181,4182,3771,3771,3771,3771,3771,3771,3771,3771,4183,4184,3771,3771,3771,4185,3771,3771,3771,3771,3771,4186,3771,3944,4187,4188,4188,4189,4190,4191,4192,3771,3771,4185,3771,3771,4192,4193,3771,3771,3771,3771,4194,4195,3771,4196,4197,4198,3771,4199,3862,3771,3771,3771,3771,3771,3771,3771,4200,4157,4157,4201,4157,4202,4203,4161,3691,3691,4204,4205,4205,4205,4205,4206,2158,4207,319,55,2058,27,27,27,4114,4115,4116,4208,22,4209,3284,3285,894,894,894,3283,3284,4210,4208,345,4113,2483,3674,319,4211,4212,4213,4212,4214,4215,4216,4217,1792,1793,1793,1793,1852,1853,1854,4208,
293,294,295,295,4178,4218,3840,2784,4219,4220,3771,3771,4199,4221,3771,3771,3771,3771,3771,3771,3771,3771,3771,3771,3771,3771,3771,3771,3771,3771,3771,3771,3771,3771,3771,3771,3771,3771,3771,4222,4223,4223,4223,4224,4224,4225,3771,3771,3771,3771,3771,3771,3771,3771,3771,4226,4227,4228,4229,4230,4231,4232,4233,4234,4234,4235,4236,4237,3771,3771,3771,3771,3771,4200,4201,4190,4155,4058,3886,4157,4058,2483,2443,3674,23,177,24,22,4238,4239,4240,4239,4241,4242,4243,2477,22,4244,4245,4246,4247,4248,4247,4249,4245,4250,2715,270,2442,2443,3674,319,4251,4252,4253,4252,4254,4255,4256,4217,4257,1889,1890,1889,1891,1892,4258,2477,
294,295,295,294,3593,2584,2443,2443,2443,4180,4259,4260,4261,4180,4260,4262,4263,4263,4263,4263,4264,4220,3771,4229,4265,4259,4259,2472,2473,2473,2473,2473,2474,3771,3771,3771,3771,3771,3771,4266,4267,4267,4267,4267,4267,4268,4269,4234,4269,4270,3771,3771,4271,4269,4234,4272,4273,4274,4275,4276,4277,4278,837,293,293,4279,15,4280,4270,3771,3771,3771,3771,3771,3771,3771,3771,4154,4228,3771,4154,4281,2483,3674,319,9,11,22,4282,4283,4284,4283,4285,4286,4287,2477,22,4288,4289,4290,4291,4292,4291,4293,4289,4294,4295,24,2442,2483,3674,319,4171,4172,4173,4172,4296,4297,4298,4217,2012,1919,2013,1919,1921,2015,4299,2477,
294,295,295,4178,4218,2584,2483,2584,2443,2483,2584,2443,4300,4301,4301,4301,4301,4301,4301,4301,4301,4301,4259,4230,2443,2584,2443,2510,2511,2511,2511,2511,2512,3771,4197,4263,4264,4260,4260,4302,4267,4267,4267,4267,4267,4303,295,295,293,4304,4233,4269,4305,294,293,4306,4304,4307,4308,4309,107,15,855,177,177,4310,4311,4312,4313,4314,4236,4237,3771,3771,4315,4270,3771,4316,4236,4237,4317,4318,2443,3718,3719,270,11,22,4319,4320,2046,4320,4321,4322,4323,4324,22,4325,4326,4327,4328,2046,4328,4329,4326,4330,4324,2736,2955,2443,3674,319,4211,4212,4331,4212,4213,4212,4332,4217,1946,1947,2046,1947,2047,2048,4333,4324,
294,295,293,3593,2784,2584,2584,2483,2584,2483,4300,4334,4335,4336,4337,4338,4337,4339,4338,4337,4338,4340,2483,2443,2443,2584,2584,2566,2567,2567,2567,2567,2568,4264,4341,2443,2483,2443,2483,4342,4343,4344,4343,4344,4344,4345,294,295,294,293,295,295,295,294,293,294,295,4346,4347,3674,149,43,4348,18,93,458,4349,4350,177,854,15,4351,4234,4235,4352,4353,4233,4354,15,4355,4261,2584,2483,2584,3718,3719,270,345,177,177,177,177,4356,4357,4358,24,345,4359,4360,4361,22,294,319,4362,4363,4364,24,2442,2584,2584,3674,319,4251,4252,2046,4252,4253,4252,4365,4366,292,23,177,177,4367,4368,4369,24,
294,293,293,3593,2483,2443,2483,2483,4300,4334,4335,293,295,4370,4371,4372,4371,4373,4372,4371,4372,4374,2584,2483,2443,2483,2584,2617,2619,2619,2619,2619,2620,2443,2443,2443,2584,2483,2443,4375,4376,4377,4376,4377,4378,4379,4380,4381,293,295,293,293,293,294,295,295,295,4346,3673,3674,4382,103,4383,15,94,307,142,186,12,135,887,888,177,854,15,855,177,4384,4385,4386,2584,2584,2483,2584,2584,3718,3114,4387,144,144,270,12,9,9,12,10,12,345,24,55,148,295,394,144,270,12,55,4170,2443,4300,4335,319,345,177,177,177,177,177,24,11,345,24,55,270,345,177,24,10,
294,294,294,3593,2443,2584,2443,4300,4335,293,294,293,294,4388,4389,4390,4389,4391,4390,4389,4390,4392,4393,4393,4393,4393,4394,4395,4396,4397,4398,4396,4399,4400,4401,2443,2443,2584,2483,4402,4403,2764,4403,2764,4403,4404,4405,4405,4406,4407,4407,4408,295,295,295,294,293,3942,4230,3674,4409,213,4410,43,136,11,9,11,12,458,103,195,12,199,164,95,12,4411,4412,4413,4414,4415,4071,2483,2784,2483,2443,3718,2397,3625,394,144,144,144,144,144,144,4416,2954,4417,2397,2397,2397,2397,3114,2954,4417,4218,2483,3718,3625,394,144,144,144,144,144,144,270,10,9,55,148,394,270,9,9,12,
294,294,4178,4218,2443,2443,4300,4335,295,293,295,295,295,4418,4419,4420,4421,4422,4421,4419,4420,4423,4424,4424,4424,4424,4424,4425,4426,4427,4428,4426,4429,4430,4431,2584,2584,2483,2784,4402,4432,2764,4432,2764,4432,4433,4434,4434,4267,4267,4267,4435,295,295,4436,293,4178,4218,2584,3674,319,11,458,103,104,12,12,10,11,132,133,214,11,102,103,104,12,525,133,14,15,4437,3860,4438,4414,4439,2483,2443,2483,3718,2397,2397,2397,2397,2397,2397,2397,4218,2784,2443,2483,2483,4440,4441,4442,2443,2443,2584,2483,2483,3718,4443,857,4444,2397,2397,2397,3625,394,144,144,148,295,293,394,144,144,144,
293,295,3593,2443,2584,2483,3674,293,294,294,4445,4446,4447,4448,4449,4450,4451,1508,4451,4449,4450,4452,4453,4453,4453,4453,4453,4454,4455,4456,4457,4455,4429,4458,4459,2584,2443,4460,4461,4462,4463,4464,4463,4464,4463,4465,4434,4434,4267,4267,4267,4466,4380,4467,3725,295,3593,2784,2584,3674,319,12,307,386,387,9,9,11,11,9,10,9,9,132,133,214,12,11,12,199,43,4468,177,4469,15,4470,4334,4334,4071,2584,2483,2443,2584,2584,2443,2443,2443,2443,2784,4300,4334,4334,4471,15,4472,4334,4334,4334,4071,2483,2584,4473,15,4474,2584,2443,2584,3718,2397,2397,2397,2397,2397,2397,2397,2397,2397,2397,
4178,2397,4218,2483,2443,2584,3674,293,294,293,4475,4476,4477,4448,4478,4479,4480,1508,4480,4478,4479,4481,4482,4482,4483,4482,4482,4484,4485,4486,4487,4485,4488,4489,4490,2443,2443,4491,4492,4402,4403,2764,4403,2764,4403,4404,4493,4493,4344,4344,4344,4494,3730,1045,4495,4178,4218,2483,2443,4496,4497,140,9,9,12,9,11,12,9,10,12,11,10,11,12,11,9,10,11,102,103,179,10,4498,4311,4499,293,295,3860,4334,4334,4071,2483,2584,4500,4414,4415,4334,4334,4335,295,294,4501,4502,888,177,177,292,3860,4334,4334,4503,4504,4505,4334,4071,2443,4440,4506,4507,2584,2584,2443,2483,2584,2443,2483,2483,
3593,2443,2483,2584,2584,2584,3674,295,293,295,294,4508,4509,4418,4419,4420,4421,4510,4421,4419,4420,4511,4512,4513,4514,4515,4516,4517,4426,4427,4428,4426,4518,4519,4520,2443,2584,2443,4521,4402,4432,2764,4432,2764,4432,4522,4523,4523,4524,4524,4524,4525,3728,3730,4526,3593,2443,2584,4300,4527,15,16,9,11,11,9,10,10,12,11,12,11,9,10,12,12,12,9,12,141,142,214,9,90,4349,4350,177,292,293,4178,2397,4218,2443,4300,4528,15,871,295,293,23,177,177,4529,4530,104,12,10,345,177,177,177,4529,4412,4350,292,3860,4334,4471,15,4472,4334,4334,4334,4334,4438,4414,4415,4334,
4218,2483,2443,2584,2483,2443,3718,3625,294,294,294,4531,4532,4533,4449,4450,4451,1508,4451,4449,4450,4534,2790,2790,4535,2790,2790,4536,4455,4456,4457,4455,4429,4537,4091,2443,2584,2584,4538,4462,4463,4464,4463,4464,4463,4539,4540,4541,4542,4543,4544,4545,3786,4546,2397,4218,2443,4300,4547,289,164,136,12,9,11,11,11,11,10,12,12,10,12,11,11,9,12,11,9,12,10,9,45,4548,4549,186,55,148,4178,4218,2584,2443,4300,4335,4550,4502,888,177,177,24,11,12,525,213,214,10,12,9,10,10,55,145,4551,288,345,177,177,4384,4552,4312,295,294,294,293,4279,15,871,293,
2443,2584,2443,2483,2443,2443,2483,3674,295,294,293,4553,4554,4555,4556,4557,4558,4559,4560,4561,4562,4563,4564,4565,4566,4567,4568,4569,4485,4486,4487,4485,4570,4571,4091,2483,2443,2584,2483,4572,4403,2764,4403,2764,4403,4573,4574,4575,1679,4576,1679,4577,4578,2483,2443,2784,2443,3146,24,105,260,179,9,10,12,11,11,11,10,9,11,12,10,10,11,11,9,12,11,9,11,11,21,15,16,11,22,4178,4218,2483,4300,4334,4335,23,4529,4530,179,9,10,10,9,11,11,11,9,11,10,9,9,10,345,177,24,11,55,144,270,4411,4412,4350,177,177,177,177,4310,4579,888,177,
2584,2584,2443,2443,2443,2443,2784,3718,3625,294,293,294,294,4580,4581,4582,4583,4584,4585,4586,4587,4588,4589,4590,4591,4592,4593,4594,4426,4427,4428,4426,4595,4596,4597,2443,2584,2483,2584,4598,4599,1621,4599,1621,4599,4600,4601,4602,4603,4604,4218,4605,4606,2584,2584,2483,4300,4607,12,141,213,387,12,10,9,11,9,12,9,12,10,10,9,11,12,12,12,11,12,12,10,10,199,43,95,11,22,3593,2483,4300,4335,294,23,24,132,142,288,12,11,10,9,9,11,11,12,10,55,144,270,12,12,9,11,12,345,292,394,4608,142,214,9,12,9,55,4609,260,104,9,
2483,2483,2443,2483,2584,2584,2443,2483,3718,3625,295,294,295,4610,4611,3593,4612,2483,4613,2483,2584,4614,2443,2443,2483,2443,2584,4615,4616,4617,4618,4616,4619,4620,2443,2443,2584,2483,2483,2584,2443,2483,2584,2443,2584,2483,2784,4621,2584,2784,2483,2443,2483,2443,2784,2483,3674,319,12,12,10,12,9,9,9,11,12,12,10,9,12,11,12,10,9,10,10,12,10,10,9,9,90,260,195,55,148,3593,2584,3674,293,23,24,12,10,9,9,9,11,9,11,10,11,11,55,144,148,23,24,9,12,12,11,11,11,345,177,24,9,10,9,12,11,22,4622,4551,214,10,
2443,2483,2443,2584,2443,2443,2483,2483,2483,3718,2397,2397,2397,2397,2397,4218,2443,2443,2443,2483,2584,2483,2443,2483,2584,2483,2584,2584,2483,2443,2443,2483,2483,2443,2483,2584,2584,2483,2443,2443,2443,2584,2584,2483,2584,2584,2443,2483,2584,2483,2584,2443,2584,3026,3027,3027,4623,24,12,10,12,11,10,10,10,11,9,9,9,10,9,9,12,12,9,10,11,11,10,12,9,12,141,142,214,22,294,3593,2483,3674,293,319,9,12,10,12,10,10,11,10,12,10,9,12,345,177,177,24,11,12,11,12,11,10,9,12,11,11,10,12,9,11,9,345,177,24,9,9,
2584,2584,2584,2443,2443,2584,2584,2584,2584,2584,2483,2483,2784,2483,2483,2584,2443,2483,2584,2443,2483,2443,2443,2443,2443,2483,2483,2584,2584,2483,2443,2443,2483,2443,2443,2443,2483,2483,2584,2584,2443,2483,2483,2443,2584,2483,2443,2483,2483,2483,2483,2483,2483,3121,270,9,10,10,9,12,11,12,10,10,12,12,12,11,12,12,10,10,10,10,9,12,9,9,11,11,12,12,11,12,10,22,4178,4218,2584,3674,294,319,9,10,10,9,12,12,12,11,12,11,9,12,9,10,11,11,12,12,11,11,11,11,11,12,11,9,12,10,9,11,10,9,10,12,10,9,
2784,2443,2443,2483,2584,4300,4071,2584,2483,2443,2584,2443,2483,2584,2483,2584,2784,2483,2483,2443,2584,2584,2584,2483,2584,2483,2483,2443,2443,2483,2584,2483,2584,2443,2483,2584,2483,2483,2483,2483,2483,2443,2584,2483,2584,2483,4300,4334,4334,4334,4334,4334,4334,4335,319,12,10,10,9,11,10,12,9,11,12,10,11,9,9,11,11,10,11,11,10,9,10,9,11,9,9,9,9,55,144,148,3593,2483,4300,4335,293,319,12,9,9,11,10,11,9,12,10,9,12,10,10,9,12,12,11,9,11,12,11,12,9,11,12,11,11,12,10,11,9,9,10,11,10,12,


